##FastQC	0.10.0
>>Basic Statistics	pass
#Measure	Value	
Filename	SRR4235527.sra_2.fastq	
File type	Conventional base calls	
Encoding	Sanger / Illumina 1.9	
Total Sequences	117876320	
Filtered Sequences	0	
Sequence length	76	
%GC	44	
>>END_MODULE
>>Per base sequence quality	pass
#Base	Mean	Median	Lower Quartile	Upper Quartile	10th Percentile	90th Percentile
1	35.73664290673479	38.0	35.0	40.0	28.0	40.0
2	35.40737773286441	38.0	34.0	40.0	26.0	40.0
3	35.30969819892579	38.0	35.0	40.0	26.0	40.0
4	35.32725363329972	38.0	35.0	40.0	26.0	40.0
5	35.253271140463156	38.0	35.0	40.0	26.0	40.0
6	35.282603333731494	38.0	35.0	40.0	26.0	40.0
7	35.1170589139532	38.0	34.0	40.0	25.0	40.0
8	34.96659506336811	38.0	33.0	40.0	25.0	40.0
9	35.0093673012527	38.0	33.0	40.0	25.0	40.0
10-14	34.963914475782744	38.0	33.4	40.0	25.2	40.0
15-19	34.71334212333741	38.0	33.0	40.0	25.0	40.0
20-24	34.45710615329695	38.0	33.0	40.0	24.6	40.0
25-29	34.16954994862412	38.0	33.0	40.0	23.4	40.0
30-34	34.11001726216088	38.0	33.0	40.0	23.0	40.0
35-39	34.10853463358883	38.0	33.0	40.0	23.0	40.0
40-44	33.774177407302844	38.0	33.0	40.0	22.4	40.0
45-49	33.29334139036577	37.8	32.6	40.0	20.4	40.0
50-54	32.681571117931064	36.8	31.6	39.8	17.2	40.0
55-59	31.91490190226502	36.0	30.6	39.2	8.0	40.0
60-64	31.014547515565464	35.6	29.8	39.0	2.0	40.0
65-69	29.85797456520529	35.0	28.4	38.4	2.0	40.0
70-74	28.53489013569477	33.8	26.6	38.0	2.0	40.0
75-76	27.14117914437777	33.0	22.5	37.0	2.0	39.0
>>END_MODULE
>>Per sequence quality scores	pass
#Quality	Count
2	2264422.0
3	204619.0
4	179992.0
5	279245.0
6	285421.0
7	280239.0
8	324622.0
9	323651.0
10	352445.0
11	374673.0
12	385375.0
13	432789.0
14	455781.0
15	511698.0
16	570300.0
17	628262.0
18	708619.0
19	787040.0
20	905463.0
21	1026211.0
22	1154725.0
23	1314637.0
24	1474742.0
25	1681345.0
26	1903340.0
27	2165072.0
28	2479143.0
29	2832119.0
30	3286955.0
31	3825831.0
32	4527719.0
33	5445589.0
34	6600878.0
35	8128983.0
36	1.012003E7
37	1.3017842E7
38	1.8244691E7
39	1.8391723E7
40	89.0
>>END_MODULE
>>Per base sequence content	warn
#Base	G	A	T	C
1	22.990649340437336	25.745261259517648	24.847117914254454	26.41697148579056
2	25.136965443650254	29.394103942299456	24.017557933078525	21.451372680971765
3	21.857332036110776	27.667127000852922	28.357705200122812	22.11783576291349
4	22.83694177527181	28.12797850995456	27.281514875072666	21.753564839700964
5	23.815918444293604	29.546588639807215	26.41323681703383	20.224256098865347
6	21.42029136857911	31.585609788270734	25.891606199802887	21.10249264334727
7	21.945151636853883	24.661823112399496	32.14252380536094	21.25050144538569
8	22.233438478322558	26.154584265072174	29.300736796914478	22.311240459690794
9	22.294149266726226	26.0760175021292	28.927872620781102	22.70196061036347
10-14	22.37700742635371	28.648765831833643	27.44023945224003	21.53398728957262
15-19	22.299533800980292	27.910145218903192	28.30148629723015	21.488834682886363
20-24	22.435122245173705	27.963017399055634	27.98228777018413	21.619572585586532
25-29	22.52316949513143	28.417587881072777	27.617060396088945	21.442182227706848
30-34	22.427127501712	28.232557121870588	27.857614617544186	21.482700758873225
35-39	22.573304395696898	28.052958447475056	27.638670421705413	21.735066735122633
40-44	22.620725377910983	27.981306975030805	27.71413620092987	21.68383144612833
45-49	22.580564775503795	28.121476353230268	27.75563106312885	21.542327808137085
50-54	22.593756928288947	27.976417421584788	27.5972391040436	21.83258654608267
55-59	22.813503834823333	27.90083345460077	27.501842319166265	21.783820391409634
60-64	22.864886834896243	27.9025774401486	27.543166458678016	21.689369266277144
65-69	22.943187417073453	28.07071768051554	27.457749693306937	21.528345209104067
70-74	22.777146558171214	28.321196952860955	27.389672460256016	21.511984028711815
75-76	23.39662541129368	27.797754662224015	27.151371490240283	21.654248436242018
>>END_MODULE
>>Per base GC content	pass
#Base	%GC
1	49.4076208262279
2	46.58833812462202
3	43.97516779902427
4	44.590506614972774
5	44.04017454315895
6	42.522784011926376
7	43.19565308223957
8	44.544678938013355
9	44.996109877089694
10-14	43.910994715926336
15-19	43.788368483866655
20-24	44.05469483076024
25-29	43.96535172283828
30-34	43.90982826058522
35-39	44.30837113081953
40-44	44.30455682403932
45-49	44.12289258364088
50-54	44.42634347437161
55-59	44.59732422623296
60-64	44.55425610117339
65-69	44.47153262617752
70-74	44.28913058688303
75-76	45.0508738475357
>>END_MODULE
>>Per sequence GC content	pass
#GC Content	Count
0	103953.0
1	78239.5
2	36003.5
3	16134.0
4	12787.0
5	11797.5
6	10601.0
7	10326.5
8	10259.0
9	10337.5
10	10564.5
11	11166.0
12	11619.0
13	12845.0
14	16537.5
15	24245.5
16	39941.0
17	50395.0
18	69600.5
19	121126.0
20	204676.0
21	255906.0
22	326695.0
23	498156.5
24	723984.0
25	849139.0
26	1014368.5
27	1365890.5
28	1758841.0
29	1965499.0
30	2196650.5
31	2666072.5
32	3163136.0
33	3421929.0
34	3809393.0
35	4461136.5
36	4938990.0
37	5152564.0
38	5375113.0
39	5798039.5
40	6165812.5
41	6423122.0
42	6513036.0
43	6470905.5
44	6268747.5
45	5978444.5
46	5848169.0
47	5683519.5
48	5627104.0
49	5280278.5
50	4825219.0
51	4563712.5
52	4061264.5
53	3581660.5
54	3342998.0
55	3163963.5
56	2761446.5
57	2358565.0
58	2179166.0
59	2039175.0
60	1726397.5
61	1402102.0
62	1250593.0
63	1129549.0
64	912358.0
65	736147.5
66	584869.0
67	513654.0
68	456708.0
69	355864.0
70	278884.5
71	245803.0
72	218973.0
73	170880.5
74	133655.0
75	117692.0
76	105783.5
77	84231.5
78	66668.5
79	58749.0
80	52765.5
81	42472.0
82	34074.0
83	29986.0
84	26904.5
85	21371.5
86	16940.0
87	14960.0
88	13314.5
89	10333.5
90	7915.5
91	6036.0
92	5239.0
93	4578.5
94	3427.5
95	2697.0
96	2457.0
97	2532.5
98	2497.5
99	3138.0
100	3889.0
>>END_MODULE
>>Per base N content	pass
#Base	N-Count
1	0.6571582825117038
2	0.6045684154374686
3	0.7393070974730124
4	0.43137586921614113
5	1.394858611127324
6	0.6178280760715977
7	0.73557352316394
8	1.2780624641149299
9	0.3954551686038383
10-14	0.48632498876788827
15-19	0.47528053132300024
20-24	0.3662935863623839
25-29	0.25640705444486217
30-34	0.2678531192694173
35-39	0.28755733127739314
40-44	0.2796410678582433
45-49	0.2597514072376878
50-54	0.23340871177518946
55-59	0.23360196517841753
60-64	0.22230979046512478
65-69	0.21893557586460116
70-74	0.2128863541040304
75-76	0.22773615599808342
>>END_MODULE
>>Sequence Length Distribution	pass
#Length	Count
76	1.1787632E8
>>END_MODULE
>>Sequence Duplication Levels	pass
#Total Duplicate Percentage	0.024496692946453905
#Duplication Level	Relative count
1	100.0
2	0.007000770084709318
3	0.0025002750302533278
4	0.0010001100121013312
5	0.0
6	0.0
7	0.0
8	5.000550060506656E-4
9	0.0
10++	0.0
>>END_MODULE
>>Overrepresented sequences	pass
>>END_MODULE
>>Kmer Content	warn
#Sequence	Count	Obs/Exp Overall	Obs/Exp Max	Max Obs/Exp Position
CTGCC	11233850	2.0919592	6.2771544	1
CCTGC	10855750	2.0215495	6.018315	1
AGCCA	13103530	1.8573773	5.694427	34
GCCAG	9728930	1.7088668	5.5769405	3
GGCCG	5318025	1.1575102	6.1702895	57
GCCGG	4704200	1.0239062	6.0899825	58
CGGCC	4401665	1.0006473	6.292647	56
>>END_MODULE
