##FastQC	0.10.0
>>Basic Statistics	pass
#Measure	Value	
Filename	NA12878-DirectRNA.pass.dedup.fastq.gz	
File type	Conventional base calls	
Encoding	Sanger / Illumina 1.9	
Total Sequences	10302647	
Filtered Sequences	0	
Sequence length	15-21860	
%GC	63	
>>END_MODULE
>>Per base sequence quality	fail
#Base	Mean	Median	Lower Quartile	Upper Quartile	10th Percentile	90th Percentile
1	2.8773289039214873	3.0	2.0	4.0	1.0	5.0
2	4.7767458207584905	4.0	3.0	6.0	2.0	8.0
3	7.003936172907798	6.0	4.0	9.0	2.0	13.0
4	8.498084230198318	8.0	5.0	11.0	3.0	14.0
5	9.107986617419776	8.0	6.0	12.0	4.0	15.0
6	11.481487815704062	11.0	7.0	15.0	4.0	20.0
7	11.654075501179454	11.0	7.0	15.0	4.0	21.0
8	12.181566737169584	11.0	7.0	16.0	4.0	22.0
9	12.194601639753357	11.0	7.0	16.0	5.0	22.0
10-14	12.287580075295212	11.0	7.4	16.0	5.0	21.2
15-19	12.565223624418069	11.6	8.0	16.0	5.0	22.0
20-24	12.663829399083292	12.0	8.0	16.0	5.0	22.0
25-29	12.76926631399146	12.0	8.0	17.0	5.0	22.0
30-34	12.817916416522001	12.0	8.0	17.0	5.0	22.0
35-39	12.851810624397924	12.0	8.0	17.0	5.0	22.2
40-44	13.003418440409007	12.0	8.0	17.0	5.0	23.0
45-49	12.98205254547425	12.0	8.0	17.0	5.0	23.0
50-59	12.996481730566114	12.0	8.0	17.0	5.0	23.0
60-69	13.047088291405217	12.0	8.0	17.0	5.0	23.0
70-79	13.185312269564495	12.0	8.0	17.0	5.0	23.0
80-89	13.19144132542559	12.0	8.0	17.0	5.0	23.0
90-99	13.124859904280992	12.0	8.0	17.0	5.0	23.0
100-149	13.191855164471065	12.0	8.0	17.0	5.0	23.0
150-199	13.170149871592157	12.0	8.0	17.0	5.0	23.0
200-249	13.02640307894934	12.0	8.0	17.0	5.0	23.0
250-299	12.991841421075401	12.0	8.0	17.0	5.0	22.94
300-349	12.781302100347194	12.0	8.0	17.0	5.0	22.0
350-399	12.638431662076298	12.0	8.0	17.0	5.0	22.0
400-449	12.611928530290491	12.0	8.0	17.0	5.0	22.0
450-499	12.60535729183072	11.8	7.6	17.0	4.96	22.0
500-599	12.475624857975284	11.25	7.2	16.4	4.43	22.0
600-699	12.468415044353117	11.09	7.06	16.22	4.94	22.0
700-799	12.523320000432793	11.39	7.33	16.53	4.73	22.0
800-899	12.53271949592808	11.07	7.0	16.56	5.0	22.0
900-999	12.617225338657436	11.61	7.58	17.0	5.0	22.0
1000-1499	12.70121956667516	12.0	7.998	17.0	5.0	22.236
1500-1999	12.740138736613797	11.86	7.8	17.0	4.834	22.868
2000-2499	12.886636317735618	12.0	8.0	17.0	5.0	23.0
2500-2999	12.950666890388385	12.0	8.0	17.0	5.0	23.0
3000-3499	13.044725627717536	12.0	8.0	17.0	5.0	23.0
3500-3999	13.027672863975095	12.0	8.0	17.0	5.0	23.0
4000-4499	13.061017385041149	12.0	8.0	17.0	5.0	23.0
4500-4999	13.117070819318533	12.0	8.0	17.0	5.0	23.0
5000-5499	13.120543416904647	12.0	8.0	17.0	5.0	23.0
5500-5999	13.135942502161974	12.0	8.0	17.0	5.0	23.0
6000-6499	13.137900339376907	12.0	8.0	17.002	5.0	23.0
6500-6999	13.15802314235446	12.0	8.0	17.016	5.0	23.004
7000-7499	13.15704589207233	12.0	8.0	17.05	5.0	23.018
7500-7999	13.136849604329504	12.0	8.0	17.07	5.0	23.01
8000-8499	13.190543296804421	12.002	8.0	17.176	5.0	23.092
8500-8999	13.2593093936951	12.022	8.004	17.3	5.006	23.176
9000-9499	13.254626953491195	12.038	8.01	17.292	5.006	23.144
9500-9999	13.15483351083214	12.03	8.0	17.228	4.988	23.038
10000-10499	13.17626739363057	12.06	8.006	17.27	4.99	23.006
10500-10999	13.164126450347437	12.03	7.964	17.254	4.946	23.062
11000-11499	13.173244504010148	12.036	8.014	17.236	4.976	22.958
11500-11999	13.064118091656956	11.952	7.92	17.066	4.932	22.716
12000-12499	13.100129622059935	11.978	7.98	17.032	5.012	22.602
12500-12999	13.135016308732467	12.008	7.942	17.066	4.904	22.672
13000-13499	13.09640059083259	11.978	7.928	16.958	4.818	22.488
13500-13999	13.341087639438836	12.182716049382716	8.069135802469136	17.192592592592593	4.997530864197531	22.614814814814814
14000-14499	13.416820398034154	0.0	0.0	0.0	0.0	0.0
14500-14999	13.162512124389549	0.0	0.0	0.0	0.0	0.0
15000-15499	13.503666350431798	0.0	0.0	0.0	0.0	0.0
15500-15999	12.871137007739465	0.0	0.0	0.0	0.0	0.0
16000-16499	13.122087057460284	0.0	0.0	0.0	0.0	0.0
16500-16999	13.45902058902196	0.0	0.0	0.0	0.0	0.0
17000-17499	13.048496904024768	0.0	0.0	0.0	0.0	0.0
17500-17999	13.175860447885439	0.0	0.0	0.0	0.0	0.0
18000-18499	13.27155757575757	0.0	0.0	0.0	0.0	0.0
18500-18999	13.141615079365081	0.0	0.0	0.0	0.0	0.0
19000-19499	13.702285714285706	0.0	0.0	0.0	0.0	0.0
19500-19999	13.71953333333333	0.0	0.0	0.0	0.0	0.0
20000-20499	12.799233333333333	0.0	0.0	0.0	0.0	0.0
20500-20999	12.247	0.0	0.0	0.0	0.0	0.0
21000-21499	12.147	0.0	0.0	0.0	0.0	0.0
21500-21860	13.670360110803324	0.0	0.0	0.0	0.0	0.0
>>END_MODULE
>>Per sequence quality scores	fail
#Quality	Count
7	4.0
8	2283.0
9	291898.0
10	1056946.0
11	2043992.0
12	3210651.0
13	2679479.0
14	916354.0
15	96749.0
16	3926.0
17	310.0
18	48.0
19	7.0
>>END_MODULE
>>Per base sequence content	fail
#Base	G	A	T	C
1	17.940949008172645	43.14106317740639	0.0	38.91798781442097
2	24.541320816040802	42.81110930546527	0.0	32.647569878493925
3	49.610024024797305	25.2934532458626	0.0	25.096522729340094
4	43.40570716017644	29.75677378939786	0.0	26.8375190504257
5	31.471930786571622	29.888978248949005	0.0	38.63909096447938
6	37.18678289213966	28.27332801932355	0.0	34.53988908853678
7	35.18652685803838	28.727842828998917	0.0	36.0856303129627
8	33.57474940490639	27.999988031427975	0.0	38.42526256366563
9	36.20352240793048	28.637379867378616	0.0	35.15909772469091
10-14	37.57846593485614	29.205557514742637	0.0	33.21597655040122
15-19	37.76303776948563	30.21548549303131	0.0	32.02147673748306
20-24	36.130787565876105	30.086989008149622	0.0	33.78222342597427
25-29	35.35201663797847	30.090217736994816	0.0	34.55776562502671
30-34	34.94447548831809	30.48936507671903	0.0	34.566159434962884
35-39	34.92048651968533	30.017847352167376	0.0	35.06166612814729
40-44	34.377041071202164	30.853282252474685	0.0	34.76967667632315
45-49	34.23901592046112	30.61012672002675	0.0	35.15085735951213
50-59	34.00785822592404	30.89249882434606	0.0	35.0996429497299
60-69	33.85665156103522	31.97914985963843	0.0	34.164198579326346
70-79	33.91573221143111	32.31267358892676	0.0	33.771594199642124
80-89	34.160422993437045	32.39998426207671	0.0	33.439592744486255
90-99	33.99145934740491	32.63073206756707	0.0	33.37780858502802
100-149	32.940069165001944	33.81732256964628	0.0	33.24260826535178
150-199	33.23363818943578	34.65043082805207	0.0	32.11593098251215
200-249	32.927239999157116	34.971475754247564	0.0	32.10128424659532
250-299	32.109366251967856	35.86327122988505	0.0	32.027362518147086
300-349	31.865801270224825	36.25755149981389	0.0	31.87664722996128
350-399	31.85140047031978	36.187851497046694	0.0	31.96074803263353
400-449	31.252180428407755	36.54570628326971	0.0	32.202113288322536
450-499	29.73166366814351	37.13130463056504	0.0	33.137031701291455
500-599	29.539266227593604	36.86710966464564	0.0	33.59362410776077
600-699	30.117005555979304	36.598597090719096	0.0	33.28439735330161
700-799	30.253016584451746	36.58551766325466	0.0	33.16146575229359
800-899	29.88351697660158	36.949072863448954	0.0	33.16741015994946
900-999	30.74349040048499	36.44983677978853	0.0	32.80667281972649
1000-1499	30.548226636300296	36.883260038971	0.0	32.56851332472871
1500-1999	30.17147547145716	37.930287350966374	0.0	31.898237177576473
2000-2499	30.568035388073326	38.20981441178527	0.0	31.222150200141403
2500-2999	30.48136809598058	38.90637710415582	0.0	30.612254799863596
3000-3499	30.40548257394687	39.449173516710715	0.0	30.14534390934242
3500-3999	30.32268605497267	39.669588366973215	0.0	30.007725578054114
4000-4499	30.351285298344184	39.802290901776274	0.0	29.846423799879545
4500-4999	30.554589682947924	39.75628678008643	0.0	29.689123536965646
5000-5499	30.540381694127106	39.697735731855474	0.0	29.761882574017417
5500-5999	30.5883084980556	39.71155503458961	0.0	29.700136467354792
6000-6499	30.540153559613596	39.698053366814044	0.0	29.761793073572356
6500-6999	30.390228382703317	39.84642213814351	0.0	29.763349479153174
7000-7499	30.437800433482288	39.84882661368627	0.0	29.713372952831445
7500-7999	30.435418427900846	39.854877748817174	0.0	29.709703823281984
8000-8499	30.237928942895344	40.37153573450254	0.0	29.39053532260212
8500-8999	30.447773857748416	40.458219200856725	0.0	29.094006941394863
9000-9499	30.560298627022696	40.36037613772906	0.0	29.079325235248238
9500-9999	30.36018449191208	40.727788472196146	0.0	28.912027035891775
10000-10499	30.129430847135772	40.72917765587087	0.0	29.14139149699335
10500-10999	30.283480319729826	40.199785256086706	0.0	29.516734424183465
11000-11499	30.866178542323414	39.877316116315946	0.0	29.25650534136064
11500-11999	30.724763534509915	39.501443056726174	0.0	29.77379340876391
12000-12499	30.913029883414485	39.88363782552374	0.0	29.203332291061777
12500-12999	30.86683880486905	39.79786056805607	0.0	29.33530062707488
13000-13499	30.72379020227937	39.66823796169223	0.0	29.6079718360284
13500-13999	30.960604565403692	40.56924714986885	0.0	28.470148284727454
14000-14499	30.841187977947715	41.774853281166635	0.0	27.38395874088565
14500-14999	29.88373258494537	40.59336473889947	0.0	29.522902676155155
15000-15499	31.14846332372178	39.29952879949363	0.0	29.552007876784586
15500-15999	32.04825169125438	39.506072214524416	0.0	28.445676094221206
16000-16499	30.573248407643312	39.19252106020136	0.0	30.234230532155333
16500-16999	30.444621938232164	40.84132055378062	0.0	28.714057507987224
17000-17499	29.633705392233928	41.18849237541267	0.0	29.177802232353407
17500-17999	28.784820347194184	42.793702058942266	0.0	28.421477593863543
18000-18499	31.15124153498871	40.32167042889391	0.0	28.52708803611738
18500-18999	30.891950688905002	37.27338651196519	0.0	31.834662799129802
19000-19499	32.29210637399746	38.9193752638244	0.0	28.788518362178134
19500-19999	29.192229038854805	42.02453987730061	0.0	28.78323108384458
20000-20499	32.74492497793469	41.48278905560459	0.0	25.77228596646072
20500-20999	35.131744040150565	33.12421580928482	0.0	31.74404015056462
21000-21499	31.155015197568385	39.96960486322189	0.0	28.87537993920973
21500-21860	27.350427350427353	50.0	0.0	22.64957264957265
>>END_MODULE
>>Per base GC content	fail
#Base	%GC
1	38.61347477012461
2	35.52393865382362
3	57.952737777000415
4	57.803892533637224
5	55.84643441632039
6	57.10355794971913
7	55.97273205614053
8	56.05477893205504
9	55.91907594232822
10-14	55.836411749330054
15-19	55.235133668862666
20-24	54.35377914365912
25-29	53.98898953298822
30-34	53.505840466133094
35-39	54.01332688709819
40-44	53.70183896955781
45-49	53.80667300734038
50-59	53.645251177066655
60-69	52.9781878787052
70-79	52.95689336454386
80-89	52.438657219264265
90-99	52.11658137768398
100-149	51.23019723674265
150-199	50.259836180896876
200-249	49.53358876042202
250-299	48.62327748589257
300-349	48.32312062228431
350-399	48.32785588269906
400-449	47.81566704672427
450-499	47.06651689765023
500-599	47.06130689303465
600-699	47.27477943528993
700-799	46.956705841750384
800-899	46.483005179832354
900-999	46.92190230439239
1000-1499	46.310594687366084
1500-1999	44.97765120287842
2000-2499	44.51839527693735
2500-2999	43.70277064948588
3000-3499	43.04577528473028
3500-3999	42.71383974103449
4000-4499	42.63876381995117
4500-4999	42.66847306641884
5000-5499	42.75947983954787
5500-5999	42.86035962373994
6000-6499	42.86853954789173
6500-6999	42.69700302437961
7000-7499	42.68048200017501
7500-7999	42.721377976830624
8000-8499	42.20704851642089
8500-8999	42.070474053250486
9000-9499	42.17433632276197
9500-9999	41.82128395794729
10000-10499	41.77510200667342
10500-10999	42.454735580212
11000-11499	42.93667550935701
11500-11999	43.34626505142188
12000-12499	43.23241246386122
12500-12999	43.17991808917063
13000-13499	43.511253281310516
13500-13999	42.53243132736126
14000-14499	41.240489746561195
14500-14999	42.30096706276987
15000-15499	43.93708002443494
15500-15999	44.528437724982
16000-16499	43.77311048661441
16500-16999	43.23377760482538
17000-17499	41.81757209926224
17500-17999	40.71254130153714
18000-18499	43.689320388349515
18500-18999	47.41024938339271
19000-19499	44.85430874147551
19500-19999	41.3265306122449
20000-20499	42.74661508704062
20500-20999	53.300000000000004
21000-21499	42.61057173678533
21500-21860	32.40997229916898
>>END_MODULE
>>Per sequence GC content	warn
#GC Content	Count
0	4.5
1	3.0
2	1.3333333333333333
3	3.25
4	7.5
5	7.0
6	5.333333333333333
7	7.333333333333334
8	8.5
9	8.5
10	10.7
11	10.583333333333332
12	7.0
13	7.0
14	12.666666666666666
15	17.25
16	26.433333333333337
17	55.03333333333334
18	87.75757575757575
19	129.29090909090905
20	223.4409090909092
21	372.92943722943687
22	612.4929292929293
23	972.8842712842775
24	1546.5321498393998
25	2421.0974747474665
26	3575.499481099762
27	5156.377925597261
28	7165.466975106149
29	9556.2677215816
30	12423.785518335622
31	15659.760642055331
32	19248.33324812112
33	22712.0411599187
34	25721.05040591496
35	28908.325569514072
36	31986.460546796865
37	35787.92197917722
38	41617.07758230848
39	49708.87974008391
40	56231.71667773924
41	65632.5173871583
42	80096.5573618584
43	92106.01842298218
44	105002.0682392928
45	115167.52026667327
46	114538.29806857872
47	106857.67516295011
48	92662.83786647159
49	80923.07727512512
50	73963.43377974739
51	70045.66777120938
52	66983.82498944446
53	64772.72740594128
54	64401.50713665485
55	60002.137845230136
56	53969.860507176534
57	48410.15307191285
58	41815.157315045246
59	33687.76468452331
60	27454.86019175667
61	21615.709276629874
62	15534.712806421732
63	11144.533787898594
64	7472.063930025735
65	5165.3008105985355
66	3767.5174324107957
67	2674.4834826267984
68	1759.3131496715846
69	1098.7692505601942
70	732.6268432183845
71	562.319101149731
72	439.09165519983804
73	362.02880649814466
74	318.61618256294213
75	303.63270492946356
76	312.3674300609578
77	281.2195957268394
78	204.82554112554092
79	170.70808080808382
80	158.55505050505354
81	124.4097041847064
82	54.552164502164906
83	16.936090412319942
84	10.222727272727274
85	11.805194805194803
86	10.257575757575758
87	7.833333333333333
88	6.5
89	4.5
90	4.090909090909091
91	4.166666666666667
92	2.590909090909091
93	3.0
94	2.5
95	0.5
96	0.0
97	0.25
98	1.2
99	1.0476190476190477
100	0.5909090909090909
>>END_MODULE
>>Per base N content	pass
#Base	N-Count
1	0.0
2	0.0
3	0.0
4	0.0
5	0.0
6	0.0
7	0.0
8	0.0
9	0.0
10-14	0.0
15-19	0.0
20-24	0.0
25-29	0.0
30-34	0.0
35-39	0.0
40-44	0.0
45-49	0.0
50-59	0.0
60-69	0.0
70-79	0.0
80-89	0.0
90-99	0.0
100-149	0.0
150-199	0.0
200-249	0.0
250-299	0.0
300-349	0.0
350-399	0.0
400-449	0.0
450-499	0.0
500-599	0.0
600-699	0.0
700-799	0.0
800-899	0.0
900-999	0.0
1000-1499	0.0
1500-1999	0.0
2000-2499	0.0
2500-2999	0.0
3000-3499	0.0
3500-3999	0.0
4000-4499	0.0
4500-4999	0.0
5000-5499	0.0
5500-5999	0.0
6000-6499	0.0
6500-6999	0.0
7000-7499	0.0
7500-7999	0.0
8000-8499	0.0
8500-8999	0.0
9000-9499	0.0
9500-9999	0.0
10000-10499	0.0
10500-10999	0.0
11000-11499	0.0
11500-11999	0.0
12000-12499	0.0
12500-12999	0.0
13000-13499	0.0
13500-13999	0.0
14000-14499	0.0
14500-14999	0.0
15000-15499	0.0
15500-15999	0.0
16000-16499	0.0
16500-16999	0.0
17000-17499	0.0
17500-17999	0.0
18000-18499	0.0
18500-18999	0.0
19000-19499	0.0
19500-19999	0.0
20000-20499	0.0
20500-20999	0.0
21000-21499	0.0
21500-21860	0.0
>>END_MODULE
>>Sequence Length Distribution	warn
#Length	Count
0-499	2311627.0
500-999	4274581.0
1000-1499	1693962.0
1500-1999	1062259.0
2000-2499	401049.0
2500-2999	230158.0
3000-3499	127161.0
3500-3999	80659.0
4000-4499	46233.0
4500-4999	26206.0
5000-5499	16666.0
5500-5999	10483.0
6000-6499	7025.0
6500-6999	4760.0
7000-7499	3193.0
7500-7999	2204.0
8000-8499	1496.0
8500-8999	876.0
9000-9499	563.0
9500-9999	476.0
10000-10499	285.0
10500-10999	207.0
11000-11499	141.0
11500-11999	95.0
12000-12499	62.0
12500-12999	59.0
13000-13499	40.0
13500-13999	28.0
14000-14499	25.0
14500-14999	24.0
15000-15499	7.0
15500-15999	8.0
16000-16499	6.0
16500-16999	4.0
17000-17499	3.0
17500-17999	5.0
18000-18499	2.0
18500-18999	2.0
19000-19499	1.0
19500-19999	1.0
20000-20499	3.0
20500-20999	0.0
21000-21499	1.0
21500-21861	1.0
>>END_MODULE
>>Sequence Duplication Levels	pass
#Total Duplicate Percentage	5.185545372901786
#Duplication Level	Relative count
1	100.0
2	1.7588570830498718
3	0.6583285362917997
4	0.4113245067769114
5	0.26113349730493485
6	0.1988591763043592
7	0.13920142341305144
8	0.1083259197236904
9	0.07954367052174369
10++	1.0471505573290072
>>END_MODULE
>>Overrepresented sequences	pass
>>END_MODULE
>>Kmer Content	fail
#Sequence	Count	Obs/Exp Overall	Obs/Exp Max	Max Obs/Exp Position
GAAGA	32211565	0.66204154	19.252476	20000-20086
AAGAA	36391320	0.65064216	16.538446	20000-20086
AGAAG	30890160	0.6348828	21.459549	20000-20086
GGCCC	13232160	0.36734724	10.120227	19500-19999
AGCCA	16533560	0.3612095	230.95908	19500-19999
CAGGC	14140990	0.3551417	9.833323	20000-20086
AGGGC	10473445	0.27353707	7.0795274	19000-19499
CCCGG	8775220	0.24361503	15.446664	19000-19499
GGGGA	8669260	0.235458	6.287447	19000-19499
GAACC	9521705	0.20802116	12.83106	20000-20086
CGAGG	7129445	0.18620114	7.0795264	20000-20086
GAGGG	6337730	0.17213342	7.362225	19000-19499
GCGGA	6408690	0.16737705	5.634726	19000-19499
CCCCC	5294560	0.13591467	5.0255656	19500-19999
GACCG	5108080	0.12828608	22.124977	18000-18499
AGCGA	4635625	0.1053188	5.3973403	19000-19499
AACCG	4227340	0.09235491	9.623295	18000-18499
GCGAC	3601095	0.09043914	33.18746	19000-19499
CGACG	3210795	0.08063701	29.499968	19000-19499
>>END_MODULE
