##FastQC	0.10.0
>>Basic Statistics	pass
#Measure	Value	
Filename	SRR4235527.sra_1.fastq	
File type	Conventional base calls	
Encoding	Sanger / Illumina 1.9	
Total Sequences	117876320	
Filtered Sequences	0	
Sequence length	76	
%GC	44	
>>END_MODULE
>>Per base sequence quality	pass
#Base	Mean	Median	Lower Quartile	Upper Quartile	10th Percentile	90th Percentile
1	36.212733846798066	38.0	35.0	40.0	30.0	40.0
2	35.758528057204366	38.0	35.0	40.0	28.0	40.0
3	35.900904583719615	38.0	35.0	40.0	28.0	40.0
4	35.83016828146654	38.0	35.0	40.0	28.0	40.0
5	35.97240464412191	38.0	35.0	40.0	29.0	40.0
6	36.214594754909214	38.0	35.0	40.0	30.0	40.0
7	36.128292764823335	38.0	35.0	40.0	29.0	40.0
8	36.06544799667991	38.0	35.0	40.0	29.0	40.0
9	36.02890684066146	38.0	35.0	40.0	29.0	40.0
10-14	36.06478544630507	38.0	35.0	39.8	29.4	40.0
15-19	35.7858253752747	38.0	35.0	39.0	28.6	40.0
20-24	35.26042993876972	38.0	33.6	39.0	27.6	40.0
25-29	34.65094054174749	38.0	33.0	39.0	26.0	40.0
30-34	34.18976203193313	38.0	33.0	39.0	24.4	40.0
35-39	33.86611373344536	38.0	33.0	39.0	23.4	40.0
40-44	33.31916253747996	37.4	32.6	39.0	22.2	40.0
45-49	32.589316072982264	36.6	31.6	39.0	18.0	40.0
50-54	31.625837218196153	36.0	30.4	39.0	7.4	40.0
55-59	30.457257608652867	35.0	29.0	38.4	2.0	40.0
60-64	29.431993201009327	35.0	27.6	38.0	2.0	39.2
65-69	28.319971030653146	33.8	25.8	38.0	2.0	39.0
70-74	26.861761308802308	33.0	22.0	36.6	2.0	39.0
75-76	25.52816703982615	32.5	10.0	36.0	2.0	39.0
>>END_MODULE
>>Per sequence quality scores	pass
#Quality	Count
2	402989.0
3	44827.0
4	58217.0
5	128473.0
6	166031.0
7	254580.0
8	349682.0
9	462213.0
10	571380.0
11	604513.0
12	658255.0
13	703045.0
14	735975.0
15	819427.0
16	879298.0
17	944462.0
18	1033231.0
19	1085850.0
20	1175851.0
21	1257361.0
22	1351702.0
23	1492577.0
24	1645466.0
25	1848974.0
26	2086316.0
27	2365241.0
28	2696685.0
29	3059538.0
30	3505028.0
31	4076116.0
32	4831378.0
33	5868323.0
34	7273231.0
35	9177697.0
36	1.1581332E7
37	1.4211464E7
38	1.5932679E7
39	1.2536902E7
40	11.0
>>END_MODULE
>>Per base sequence content	warn
#Base	G	A	T	C
1	31.45439661331853	23.202002195738324	21.288246865165377	24.05535432577777
2	28.440431040658925	23.320347461362946	27.906160529580188	20.333060968397945
3	28.162053750487793	24.150937194199308	24.161780127425974	23.525228927886925
4	27.73937350365076	27.58122603658836	24.182063332996766	20.497337126764116
5	26.995586710623925	29.788735746539395	25.843958105033792	17.371719437802884
6	24.35295655649922	28.104023776785702	26.778041594783414	20.764978071931665
7	19.713357532017262	29.93736455560035	32.6820775122681	17.66720040011429
8	21.483577872129025	26.96410441045326	31.20349786963149	20.348819847786224
9	21.386963037016855	25.290803814129646	31.433624820986854	21.88860832786665
10-14	21.280032204174926	29.312499618666738	28.731385736528285	20.67608244063005
15-19	21.412766718488776	28.275332279540166	28.793265682582753	21.518635319388302
20-24	21.376432317304527	28.389331892057108	28.53530256177995	21.698933228858415
25-29	21.412925154470443	28.36211129077389	28.31186485538133	21.91309869937434
30-34	21.604670153454865	28.19498628435715	28.058678743347933	22.141664818840056
35-39	21.589953998519693	28.02771396423602	28.17588598409573	22.206446053148554
40-44	21.732721740600507	28.0934120362663	27.989388967185285	22.18447725594791
45-49	22.099200392102215	28.046280621061502	27.721682641512796	22.132836345323483
50-54	22.210518119209176	27.914854719896702	27.55644370911032	22.318183451783806
55-59	21.99967560875835	27.895814544652612	27.61257005333461	22.491939793254424
60-64	21.577197286376258	27.913863705754594	27.755641056020615	22.753297951848538
65-69	21.771284308180558	27.86055244057723	27.75229908290194	22.615864168340277
70-74	21.706959542595172	27.817779406075477	27.666109023067463	22.809152028261888
75-76	21.841575682670197	27.574580857725227	27.63558760056458	22.948255859039993
>>END_MODULE
>>Per base GC content	fail
#Base	%GC
1	55.5097509390963
2	48.773492009056866
3	51.687282678374714
4	48.23671063041487
5	44.36730614842681
6	45.11793462843088
7	37.38055793213155
8	41.83239771991525
9	43.275571364883504
10-14	41.95611464480498
15-19	42.93140203787708
20-24	43.07536554616294
25-29	43.32602385384478
30-34	43.74633497229492
35-39	43.79640005166825
40-44	43.917198996548414
45-49	44.2320367374257
50-54	44.52870157099298
55-59	44.491615402012776
60-64	44.33049523822479
65-69	44.387148476520835
70-74	44.516111570857056
75-76	44.78983154171019
>>END_MODULE
>>Per sequence GC content	pass
#GC Content	Count
0	6730.0
1	4451.5
2	1845.5
3	1565.0
4	1612.0
5	1679.0
6	1807.0
7	1976.0
8	2084.0
9	2234.5
10	2668.5
11	3533.5
12	4115.0
13	5362.0
14	10358.0
15	40148.5
16	58004.5
17	49819.0
18	65931.5
19	113948.5
20	193990.5
21	242128.0
22	309431.5
23	477041.0
24	693116.0
25	808885.0
26	967304.5
27	1316050.5
28	1696094.5
29	1885812.0
30	2121804.5
31	2616979.5
32	3132719.0
33	3389276.0
34	3689806.5
35	4294173.0
36	4877299.0
37	5156589.0
38	5409097.5
39	5916800.5
40	6393010.5
41	6771946.0
42	6929866.0
43	6756196.0
44	6471965.0
45	6358863.5
46	6356323.0
47	6114412.5
48	5617084.5
49	5098175.5
50	4834684.0
51	4595442.0
52	4120035.0
53	3682356.5
54	3480843.0
55	3255510.0
56	2814431.0
57	2388299.5
58	2177914.0
59	1974172.5
60	1607370.5
61	1309180.0
62	1174050.0
63	1046369.5
64	804726.5
65	607269.0
66	460978.5
67	398183.0
68	350948.5
69	268166.5
70	204744.5
71	176870.0
72	155433.0
73	117652.5
74	90061.5
75	78814.0
76	71083.5
77	58351.0
78	49989.5
79	46630.0
80	44552.5
81	40869.5
82	37861.5
83	36459.0
84	34410.5
85	28490.0
86	19994.5
87	15371.0
88	10996.0
89	4887.0
90	2624.0
91	1732.5
92	1370.0
93	1128.5
94	761.5
95	548.0
96	460.0
97	447.0
98	438.5
99	994.5
100	1546.0
>>END_MODULE
>>Per base N content	pass
#Base	N-Count
1	0.5105961909906925
2	0.592973211243785
3	0.017609134726974847
4	2.2226686411655876E-4
5	2.519590024527403E-4
6	0.0
7	0.005088384164011907
8	0.0
9	1.7051770873064245E-4
10-14	3.590203698249148E-4
15-19	0.04920971404604419
20-24	0.045246746759654524
25-29	0.011901287722589235
30-34	0.02372079481273253
35-39	0.01942306987527266
40-44	0.010737186230449
45-49	0.022255021195096692
50-54	0.023269643979384493
55-59	0.045101170447126276
60-64	0.06897161363707316
65-69	0.04958604069078505
70-74	0.054628105118992513
75-76	0.06744781309766033
>>END_MODULE
>>Sequence Length Distribution	pass
#Length	Count
76	1.1787632E8
>>END_MODULE
>>Sequence Duplication Levels	fail
#Total Duplicate Percentage	64.22320466013788
#Duplication Level	Relative count
1	100.0
2	29.62409632452553
3	18.4672651076814
4	12.11653140549232
5	8.34736588886216
6	6.287428940404897
7	4.918779990630895
8	4.090753706493802
9	3.6552169454186343
10++	65.71160882721598
>>END_MODULE
>>Overrepresented sequences	warn
#Sequence	Count	Percentage	Possible Source
GTCGGCATGTATTAGCTCTAGAATTACCACAGTTATCCAAGTAGGAGAGG	334109	0.28344030421037913	No Hit
CCGTCGGCATGTATTAGCTCTAGAATTACCACAGTTATCCAAGTAGGAGA	207173	0.17575455358633524	No Hit
CCCGTCGGCATGTATTAGCTCTAGAATTACCACAGTTATCCAAGTAGGAG	178754	0.15164538560416546	No Hit
>>END_MODULE
>>Kmer Content	fail
#Sequence	Count	Obs/Exp Overall	Obs/Exp Max	Max Obs/Exp Position
GGGGG	13175000	2.9241385	14.329966	1
AGGAG	15415340	2.1464195	6.0244327	48
GGCAG	11938645	2.1147351	5.8941913	1
CTGGG	11833240	2.0959587	6.2513437	1
CACAG	14800740	2.0923672	5.847201	28
CCACA	14602260	2.0800369	5.8053207	27
GGGGA	10503100	1.8463836	8.431878	1
GGGAG	10453480	1.8376607	5.717727	1
TGGGG	10438180	1.8348787	6.017526	1
GGAGA	12892715	1.7951711	5.3152814	44
GGGGC	7625960	1.7054476	5.367292	2
GAGGA	12247930	1.705392	5.421627	47
GGGTG	9601110	1.6877341	5.390444	2
GGGGT	9500635	1.6700721	8.230866	2
AGAGG	11988935	1.6693298	5.26513	46
GTGGG	9334345	1.6408408	8.190566	1
ACCAC	10584585	1.5077343	5.2124805	26
AGCTC	10247225	1.4485681	5.077478	14
GGCAT	10288990	1.4434737	6.2359405	4
CCAAG	10208980	1.4432341	5.136585	37
GAGAG	10163615	1.4151736	5.0339713	45
GCTCT	9719915	1.3739573	5.076456	15
CGGGG	6062830	1.3558737	9.429221	1
GCATG	9580165	1.3440306	5.243395	5
GGAGC	7539380	1.3354774	5.923525	49
GGGTT	9022250	1.2561244	5.762707	3
GAGCG	4640330	0.82195836	6.0197377	54
CGGCA	4318525	0.77078426	5.954248	3
TCGGC	4074500	0.7271933	5.6176095	2
GCGAG	3396970	0.60171753	5.307707	52
CGAGC	3338080	0.5957913	5.2988715	53
GTCGG	3306935	0.58573973	6.2105036	1
CGACC	3174775	0.57096153	5.2362785	57
GCGAC	3169005	0.5656142	5.199014	56
>>END_MODULE
