##FastQC	0.10.0
>>Basic Statistics	pass
#Measure	Value	
Filename	SRR1153470.sra_2.fastq	
File type	Conventional base calls	
Encoding	Sanger / Illumina 1.9	
Total Sequences	115359773	
Filtered Sequences	0	
Sequence length	101	
%GC	50	
>>END_MODULE
>>Per base sequence quality	fail
#Base	Mean	Median	Lower Quartile	Upper Quartile	10th Percentile	90th Percentile
1	37.26148373228855	39.0	38.0	39.0	34.0	39.0
2	36.877108998818855	39.0	37.0	39.0	33.0	39.0
3	36.803157657045666	39.0	37.0	39.0	33.0	39.0
4	36.81006945982808	39.0	37.0	39.0	33.0	39.0
5	36.7281439345412	39.0	37.0	39.0	33.0	39.0
6	36.80835357573042	39.0	37.0	39.0	33.0	39.0
7	36.789356182245605	39.0	37.0	39.0	33.0	39.0
8	36.714222218519794	39.0	37.0	39.0	33.0	39.0
9	36.58676179953995	39.0	37.0	39.0	32.0	39.0
10-14	36.41096863808843	39.0	36.2	39.0	31.2	39.0
15-19	35.97035436434154	39.0	36.0	39.0	30.2	39.0
20-24	35.53634835775899	38.2	35.6	39.0	28.8	39.0
25-29	35.358037254459575	38.0	35.2	39.0	28.6	39.0
30-34	35.26659196876194	38.4	35.2	39.0	28.4	39.0
35-39	34.95030583668018	38.0	35.0	39.0	27.6	39.0
40-44	34.47591588100646	37.6	34.6	39.0	26.4	39.0
45-49	33.75465904046118	37.0	33.4	39.0	24.4	39.0
50-54	33.58755811352021	37.8	33.6	39.0	22.6	39.0
55-59	33.74228446340649	38.0	34.2	39.0	22.4	39.0
60-64	33.28486170304791	37.8	33.6	39.0	20.0	39.0
65-69	32.63113133206321	37.0	32.6	39.0	14.6	39.0
70-74	31.842848671347507	37.0	31.4	39.0	3.6	39.0
75-79	30.920025842977346	36.4	30.2	39.0	2.0	39.0
80-84	29.815711435215814	35.8	28.0	38.6	2.0	39.0
85-89	28.622050485484227	35.0	26.0	37.8	2.0	39.0
90-94	27.09515362517227	34.0	21.0	37.0	2.0	39.0
95-99	25.253854890993935	32.8	4.6	37.0	2.0	39.0
100-101	23.205346893323032	30.5	2.0	36.0	2.0	38.5
>>END_MODULE
>>Per sequence quality scores	pass
#Quality	Count
2	923532.0
3	175918.0
4	294610.0
5	322246.0
6	349557.0
7	335467.0
8	378513.0
9	371065.0
10	439790.0
11	467162.0
12	525863.0
13	538323.0
14	574650.0
15	608722.0
16	644582.0
17	717818.0
18	776553.0
19	880261.0
20	967513.0
21	1109262.0
22	1227524.0
23	1373631.0
24	1525455.0
25	1696422.0
26	1889485.0
27	2095312.0
28	2365331.0
29	2638703.0
30	3016833.0
31	3455232.0
32	4079007.0
33	4927890.0
34	6212623.0
35	8278994.0
36	1.1857251E7
37	1.9388544E7
38	2.7929791E7
39	338.0
>>END_MODULE
>>Per base sequence content	fail
#Base	G	A	T	C
1	27.656317262336007	17.814732388621323	11.238598563136112	43.29035178590656
2	32.74973573568959	23.865579222115283	25.29981855553387	18.08486648666126
3	20.873753909898113	27.06803024324951	23.340072154687775	28.718143692164606
4	24.745117911659516	32.91153883390495	21.266989540974386	21.076353713461152
5	28.881975552794387	33.55246651357347	19.046902464887232	18.518655468744917
6	21.82445495402775	36.35834464808703	19.236296385513935	22.58090401237129
7	21.37491959895397	17.27682240390554	35.79092971598549	25.557328281155
8	24.09677726283299	21.025127274417017	25.32484949117687	29.553245971573123
9	24.510096817265246	21.076201548647397	25.39808862224605	29.015613011841303
10-14	25.921180293958095	26.945309619368214	22.170252593917315	24.963257492756377
15-19	25.48050144088212	25.84980280923826	23.70606958106186	24.96362616881776
20-24	25.583548640471964	26.201832139416677	23.46687659390212	24.74774262620924
25-29	25.647919075766616	26.172580013237713	23.37324919922825	24.806251711767423
30-34	25.428587342455504	26.170686670683136	23.550360554416176	24.85036543244518
35-39	25.529726970301077	26.243170003436617	23.437392753161408	24.7897102731009
40-44	25.610251024327162	26.10338557821355	23.401619937284828	24.88474346017446
45-49	25.446242442704296	26.11305368385297	23.558162775406892	24.88254109803584
50-54	25.589235573206526	26.234465054539253	23.33595966522388	24.840339707030346
55-59	25.585311033096293	26.025401227485716	23.349487208830755	25.039800530587236
60-64	25.532214692500236	26.160940189362613	23.460836897367333	24.846008220769814
65-69	25.736859017171227	26.27534888218464	23.28490941213125	24.70288268851288
70-74	25.836728952195493	26.122147579877105	23.25355639207329	24.78756707585411
75-79	25.684839481223232	26.06551616090699	23.498219106295	24.751425251574773
80-84	25.91665489241144	26.144358420651987	23.317121913629705	24.621864773306864
85-89	25.88591231539174	25.99808893188601	23.256779404543572	24.85921934817868
90-94	25.76230403305369	26.09785918258426	23.387761622328217	24.752075162033837
95-99	26.055199551087867	26.010061962950637	23.171054575161396	24.7636839108001
100-101	26.675027987645688	25.548340650356106	22.86821966844398	24.90841169355423
>>END_MODULE
>>Per base GC content	fail
#Base	%GC
1	70.94666904824255
2	50.834602222350846
3	49.591897602062716
4	45.821471625120665
5	47.400631021539304
6	44.40535896639904
7	46.932247880108974
8	53.650023234406106
9	53.525709829106546
10-14	50.88443778671448
15-19	50.44412760969988
20-24	50.3312912666812
25-29	50.45417078753404
30-34	50.27895277490069
35-39	50.31943724340198
40-44	50.49499448450162
45-49	50.32878354074014
50-54	50.42957528023687
55-59	50.625111563683525
60-64	50.37822291327005
65-69	50.43974170568411
70-74	50.624296028049606
75-79	50.43626473279801
80-84	50.538519665718304
85-89	50.74513166357042
90-94	50.51437919508752
95-99	50.818883461887964
100-101	51.58343968119992
>>END_MODULE
>>Per sequence GC content	pass
#GC Content	Count
0	3732.0
1	2548.0
2	2076.5
3	3777.5
4	5637.5
5	6572.0
6	6118.0
7	4961.0
8	3846.0
9	3101.5
10	2672.5
11	2399.5
12	2289.5
13	2295.5
14	2306.5
15	2386.5
16	2654.0
17	3134.5
18	4301.0
19	6633.0
20	10879.0
21	18022.0
22	28475.0
23	45305.5
24	68667.5
25	101093.0
26	144987.0
27	202206.5
28	268861.5
29	348132.5
30	445593.0
31	569063.0
32	712202.0
33	865278.0
34	1048938.0
35	1283390.0
36	1533345.0
37	1818230.0
38	2112330.0
39	2425572.0
40	2718237.5
41	2961906.0
42	3276759.5
43	3582749.5
44	3807639.0
45	4153962.0
46	4377526.5
47	4341259.5
48	4293582.0
49	4303976.0
50	4319296.0
51	4279383.0
52	4255953.0
53	4222987.0
54	4214488.5
55	4159694.0
56	3970865.5
57	3744412.5
58	3552894.0
59	3376186.0
60	3129166.5
61	2848977.5
62	2573256.0
63	2282428.0
64	2006211.0
65	1746830.0
66	1516298.5
67	1304359.0
68	1097608.5
69	900977.5
70	734790.5
71	599349.0
72	485055.0
73	388233.0
74	322833.5
75	266743.0
76	212725.5
77	172804.0
78	142542.5
79	119050.0
80	100602.0
81	83690.5
82	68190.0
83	54644.0
84	42791.5
85	32837.5
86	24899.0
87	18687.5
88	13921.0
89	10278.5
90	7448.5
91	5319.0
92	3712.5
93	2530.5
94	1688.0
95	1067.0
96	630.0
97	349.5
98	176.5
99	101.5
100	53.0
>>END_MODULE
>>Per base N content	pass
#Base	N-Count
1	0.050249752138468586
2	0.04582793345129069
3	0.049597878456296894
4	0.050045174759489164
5	0.06113309532951317
6	0.05304795459332257
7	0.05710396118757966
8	0.06588085085777692
9	0.06426590315846062
10-14	0.055378923119066815
15-19	0.051879609714557955
20-24	0.04904881357559537
25-29	0.04448864510161614
30-34	0.061898180052764144
35-39	0.07149996732396482
40-44	0.06579641934628287
45-49	0.06603133659078889
50-54	0.06129831756863807
55-59	0.061858824912909637
60-64	0.06412633977703823
65-69	0.0693955942510393
70-74	0.0702430300378625
75-79	0.06994309879579948
80-84	0.06322307863764608
85-89	0.06621771005045234
90-94	0.028121934671282683
95-99	0.006182397741021906
100-101	0.006920956753269617
>>END_MODULE
>>Sequence Length Distribution	pass
#Length	Count
101	1.15359773E8
>>END_MODULE
>>Sequence Duplication Levels	fail
#Total Duplicate Percentage	83.15042502152272
#Duplication Level	Relative count
1	100.0
2	38.46172925244308
3	26.310828910164194
4	20.105163946624337
5	16.8435934322139
6	13.852373629644328
7	12.148420060518875
8	10.42214395555335
9	9.60613125651074
10++	248.30596755791458
>>END_MODULE
>>Overrepresented sequences	pass
>>END_MODULE
>>Kmer Content	warn
#Sequence	Count	Obs/Exp Overall	Obs/Exp Max	Max Obs/Exp Position
TGCTG	28649285	2.8779633	5.3823285	7
GAAGA	36714195	2.8036244	8.006468	2
AGAAG	35507190	2.7114532	5.01877	3
AAGAA	36022715	2.7033327	6.0510335	2
TCCTG	23270485	2.4030867	5.0923896	7
CTGGA	26210265	2.3478897	5.3232746	1
AAAAA	29187805	2.152592	5.597352	2
GGAAG	26220885	2.037492	5.736057	1
CTTTG	17716915	1.9613812	5.1399703	1
GAAAA	25956470	1.947909	8.062489	2
CTCTG	18624090	1.9232647	5.9786153	1
GAGAA	24555200	1.875121	5.523938	2
AGATG	21820025	1.8685564	5.465534	4
TCCAG	20214390	1.8614846	5.0373845	7
CAAGA	23387395	1.835947	5.3003592	1
AAGAT	21017995	1.7688031	6.6556373	3
GGAAA	22497945	1.7180219	6.294834	1
AAAAT	20505655	1.6958958	6.254074	3
CTCAG	18395940	1.6940289	5.825308	1
AAAAG	21892715	1.6429439	5.066031	3
CAAAA	18921455	1.4597217	5.062458	1
>>END_MODULE
