##FastQC	0.10.0
>>Basic Statistics	pass
#Measure	Value	
Filename	SRR1153470.sra_1.fastq	
File type	Conventional base calls	
Encoding	Sanger / Illumina 1.9	
Total Sequences	115359773	
Filtered Sequences	0	
Sequence length	101	
%GC	50	
>>END_MODULE
>>Per base sequence quality	pass
#Base	Mean	Median	Lower Quartile	Upper Quartile	10th Percentile	90th Percentile
1	37.706531920793566	39.0	38.0	39.0	35.0	39.0
2	37.43260830619006	39.0	37.0	39.0	35.0	39.0
3	37.453154125051896	39.0	37.0	39.0	35.0	39.0
4	37.401789400192385	39.0	37.0	39.0	35.0	39.0
5	37.249289880277416	39.0	37.0	39.0	34.0	39.0
6	37.2982051204279	39.0	37.0	39.0	34.0	39.0
7	37.271449207862084	39.0	37.0	39.0	34.0	39.0
8	37.23574959704541	39.0	37.0	39.0	34.0	39.0
9	37.175272909040835	39.0	37.0	39.0	34.0	39.0
10-14	37.084251838810395	39.0	37.0	39.0	33.2	39.0
15-19	36.952453621766395	39.0	36.8	39.0	33.0	39.0
20-24	36.706385621962	38.8	36.2	39.0	32.8	39.0
25-29	36.318470399556006	38.0	36.0	39.0	31.4	39.0
30-34	35.88872497001186	38.0	35.8	39.0	30.4	39.0
35-39	35.769682634517665	38.0	35.6	39.0	30.0	39.0
40-44	35.71031954440479	38.0	35.4	39.0	30.2	39.0
45-49	35.4075372617108	37.8	35.0	39.0	29.4	39.0
50-54	35.07820540527589	37.0	35.0	39.0	28.8	39.0
55-59	34.67730935288855	37.0	34.6	39.0	27.6	39.0
60-64	34.07328608734347	37.0	33.6	39.0	25.8	39.0
65-69	33.398053593604075	36.8	33.0	39.0	24.0	39.0
70-74	32.50912733678836	36.0	32.0	38.4	21.0	39.0
75-79	32.56249650387228	36.8	32.2	38.8	19.4	39.0
80-84	32.42646398584712	37.0	32.4	39.0	15.8	39.0
85-89	31.640799177023347	36.6	31.4	39.0	3.8	39.0
90-94	30.44365464900837	36.0	29.6	38.6	2.0	39.0
95-99	28.781974898650326	35.2	26.6	37.8	2.0	39.0
100-101	26.766945419526788	34.0	20.5	37.0	2.0	39.0
>>END_MODULE
>>Per sequence quality scores	pass
#Quality	Count
2	56414.0
3	22071.0
4	46744.0
5	62660.0
6	100081.0
7	140366.0
8	185608.0
9	209675.0
10	246188.0
11	258026.0
12	301476.0
13	304220.0
14	354899.0
15	396192.0
16	452715.0
17	513325.0
18	566141.0
19	637082.0
20	687609.0
21	778436.0
22	882560.0
23	1012284.0
24	1158694.0
25	1329645.0
26	1552618.0
27	1790171.0
28	2097022.0
29	2453079.0
30	2907324.0
31	3448279.0
32	4171481.0
33	5184117.0
34	6691235.0
35	9006992.0
36	1.2617588E7
37	1.9340958E7
38	3.3387194E7
39	8604.0
>>END_MODULE
>>Per base sequence content	fail
#Base	G	A	T	C
1	39.569751253934854	7.898522235885102	7.649902253165852	44.88182425701419
2	30.412914442198463	9.296513694975175	37.9820885805402	22.30848328228616
3	27.152428602646435	12.275032822750093	23.84230766473509	36.73023090986838
4	30.863365169763295	22.820844142957874	21.123901656775974	25.19188903050286
5	30.565154631502267	25.51296195771814	25.27316259542224	18.64872081535736
6	24.680849536692484	24.82771268976058	26.768422992649267	23.72301478089767
7	17.427347919625326	26.014234615388848	40.54168085091499	16.016736614070833
8	22.61525774673638	17.584474615774425	35.2072069351246	24.593060702364593
9	21.7667011185953	16.31545859577931	35.36836970024204	26.549470585383343
10-14	24.00725019631	25.36884587056816	27.66050291334573	22.96340101977611
15-19	24.331803126920132	23.82856332857992	27.594276658306782	24.245356886193164
20-24	24.552549602955015	23.937930037520815	27.02740460358452	24.48211575593965
25-29	24.763041715674497	24.102624194592366	26.637351945294597	24.49698214443854
30-34	24.663513229599214	23.902256814595976	26.475544556948343	24.95868539885646
35-39	24.745079731143335	23.883883911137602	26.468727950573246	24.902308407145814
40-44	24.80718226127288	23.70890466123388	26.472242035769522	25.01167104172371
45-49	24.632712632207156	23.843113493265722	26.365122110011363	25.15905176451576
50-54	24.63282817339261	23.759577433351637	26.331872751161573	25.27572164209418
55-59	24.617324201466324	23.741496544490893	26.451809355561373	25.189369898481413
60-64	24.691945258281915	23.616999079189142	26.36136191771997	25.329693744808974
65-69	24.910659193129895	23.687298253120698	26.245543417321915	25.156499136427495
70-74	24.998450230693486	23.818641353511875	26.020052121680358	25.162856294114277
75-79	24.86616074751303	23.724432046852996	25.921934605665303	25.487472599968676
80-84	24.97056216195438	23.418084817075282	26.21646756235927	25.394885458611068
85-89	25.06622446096497	23.695870526468777	25.911538362485114	25.326366650081138
90-94	25.073094790104417	23.467224400132753	25.909698978492994	25.549981831269836
95-99	25.228636227007605	23.53829801547053	25.976199028470266	25.25686672905159
100-101	25.69783187316795	23.59945495646928	25.427382531509828	25.275330638852942
>>END_MODULE
>>Per base GC content	fail
#Base	%GC
1	84.45157551094904
2	52.72139772448462
3	63.88265951251482
4	56.055254200266155
5	49.21387544685963
6	48.40386431759015
7	33.44408453369616
8	47.20831844910097
9	48.31617170397865
10-14	46.97065121608611
15-19	48.5771600131133
20-24	49.034665358894664
25-29	49.26002386011304
30-34	49.62219862845568
35-39	49.64738813828915
40-44	49.818853302996594
45-49	49.79176439672292
50-54	49.90854981548679
55-59	49.806694099947734
60-64	50.02163900309089
65-69	50.067158329557394
70-74	50.16130652480777
75-79	50.353633347481704
80-84	50.36544762056545
85-89	50.392591111046116
90-94	50.62307662137425
95-99	50.4855029560592
100-101	50.9731625120209
>>END_MODULE
>>Per sequence GC content	pass
#GC Content	Count
0	86.0
1	57.5
2	25.5
3	35.0
4	61.0
5	90.0
6	134.0
7	204.5
8	337.0
9	541.5
10	796.0
11	1119.0
12	1520.0
13	1875.5
14	2258.5
15	2689.5
16	3195.5
17	3984.5
18	5335.0
19	7904.0
20	13261.5
21	22825.5
22	37372.0
23	53858.5
24	75475.0
25	106775.0
26	153531.0
27	213482.0
28	293192.0
29	384489.5
30	482233.0
31	593304.5
32	727189.0
33	890207.5
34	1082358.0
35	1314788.5
36	1591558.5
37	1896391.0
38	2175448.5
39	2482368.5
40	2821831.0
41	3132230.0
42	3488967.5
43	3817775.0
44	3940692.5
45	4137071.5
46	4383968.5
47	4387781.5
48	4381387.5
49	4390971.0
50	4413396.5
51	4544757.0
52	4468777.0
53	4235830.0
54	4088461.5
55	4027022.0
56	3863168.5
57	3616164.0
58	3462207.5
59	3289461.5
60	3108108.5
61	2889297.5
62	2626860.0
63	2350265.0
64	2059983.5
65	1772709.0
66	1497150.0
67	1244756.0
68	1000341.0
69	779115.0
70	602080.5
71	458779.5
72	351965.5
73	269592.0
74	204250.0
75	154990.5
76	116474.0
77	87368.5
78	65552.0
79	49716.5
80	38353.0
81	29639.0
82	22839.5
83	17525.0
84	13535.5
85	10172.0
86	7513.0
87	5473.0
88	3863.5
89	2645.0
90	1719.5
91	1113.5
92	718.0
93	450.0
94	267.0
95	160.0
96	98.5
97	46.0
98	24.5
99	14.0
100	7.5
>>END_MODULE
>>Per base N content	pass
#Base	N-Count
1	0.03327936506948571
2	0.020775873059320254
3	0.0
4	0.0
5	0.0
6	0.0
7	0.0
8	0.0
9	0.0
10-14	1.1962575550491071E-4
15-19	1.8758705428451215E-4
20-24	8.935523824236374E-4
25-29	0.004404134879842387
30-34	0.01936636959228413
35-39	0.026708617049723216
40-44	0.032214349104171695
45-49	0.03060494926598026
50-54	0.03064101036329189
55-59	0.026703242559258506
60-64	0.026859449524055494
65-69	0.0326517632797353
70-74	0.04252990338321835
75-79	0.044889478067887664
80-84	0.045269159813620646
85-89	0.04579776695642423
90-94	0.043445300468821134
95-99	0.04619166509628968
100-101	0.05200382979255689
>>END_MODULE
>>Sequence Length Distribution	pass
#Length	Count
101	1.15359773E8
>>END_MODULE
>>Sequence Duplication Levels	fail
#Total Duplicate Percentage	84.74954093865017
#Duplication Level	Relative count
1	100.0
2	38.39055681160944
3	23.849834376150167
4	18.113465481886536
5	14.987643935012356
6	12.684683737315316
7	10.896997739103002
8	9.86382039013618
9	8.835900941164098
10++	288.1670960618329
>>END_MODULE
>>Overrepresented sequences	pass
>>END_MODULE
>>Kmer Content	warn
#Sequence	Count	Obs/Exp Overall	Obs/Exp Max	Max Obs/Exp Position
AAAAA	24206430	3.1409526	3.9098577	30-34
TCTTC	38655180	2.918474	6.3387303	7
TTCTT	37911215	2.7034614	6.0535126	6
CTTCA	29748025	2.5607133	6.5187187	6
CTCCA	27811755	2.5347013	7.9194345	1
GGGGG	27023815	2.4769084	5.3904543	1
CTCCT	30183160	2.412728	8.005055	1
GGCAG	24649380	2.4109993	9.543996	1
CAGGA	22908630	2.402059	5.841596	3
TCCTC	29773255	2.3799622	5.1554327	2
CTGGG	26845115	2.3030407	10.548274	1
GCAGG	23453005	2.2939796	5.247519	2
GCCAG	22339295	2.1751783	6.7529697	1
CCCAG	21703020	2.1036813	7.0790014	1
TTCCA	23200020	1.9970604	5.0609617	6
GGCCA	20430175	1.9892874	5.348685	1
CCTGG	22298925	1.9043846	5.490543	1
CTGGA	20671300	1.9010677	7.33628	1
GGGAG	19066825	1.87342	5.0824375	1
CTTGG	23057135	1.8598607	6.0131283	1
CTCAG	20294180	1.8579571	5.9337153	1
GGGGA	18881575	1.8552182	6.6890807	1
TTCAG	20977190	1.8139105	5.722454	7
CTCTG	22186195	1.7815262	6.134059	1
GGGAA	16173895	1.703589	5.7933707	1
CTGGC	19237770	1.6429541	5.1484966	1
TTTCA	20200055	1.6423277	5.037448	6
GTGGG	17380115	1.4978029	5.9876213	1
TTCAA	15941060	1.4776759	5.660574	7
CTCCC	17266050	1.4612763	5.3650784	1
GTCCA	15733715	1.4404408	5.16076	1
CTGGT	17438525	1.4066459	5.878573	1
GTCAG	15195295	1.3974586	5.3668	1
GTGGA	13039655	1.2046518	5.2562637	1
CGGGG	11373250	1.037725	7.076804	1
CTCGG	9195885	0.78535175	5.1516037	1
>>END_MODULE
